[176247198510148, 10531843482]
[176247198510148, 827198510148]
[176247198510148, 1260531843482]
[176247198510148, 887198510148]
[176247198510148, 87198510148]
[176247198510148, 1213865176815]
[176247198510148, 163865176815]
[176247198510148, 1043865176815]
[176247198510148, 730531843482]
[176247198510148, 407198510148]
[176247198510148, 850531843482]
[176247198510148, 543865176815]
[176247198510148, 137198510148]
[176247198510148, 937198510148]
[176247198510148, 813865176815]
[176260531843482, 10531843482]
[176260531843482, 747198510148]
[176260531843482, 963865176815]
[176260531843482, 497198510148]
[176260531843482, 47198510148]
[176260531843482, 1043865176815]
[176260531843482, 67198510148]
[176260531843482, 1500531843482]
[176260531843482, 87198510148]
[176260531843482, 1180531843482]
[176260531843482, 1497198510148]
[176260531843482, 827198510148]
[176260531843482, 937198510148]
[176260531843482, 137198510148]
[176260531843482, 410531843482]
[176657198510148, 893865176815]
[176657198510148, 1213865176815]
[176657198510148, 673865176815]
[176657198510148, 500531843482]
[176657198510148, 343865176815]
[176657198510148, 163865176815]
[176657198510148, 1707198510148]
[176657198510148, 987198510148]
[176347198510148, 1303865176815]
[176347198510148, 1613865176815]
[176347198510148, 47198510148]
[176347198510148, 190531843482]
[176347198510148, 210531843482]
[176347198510148, 500531843482]
[176347198510148, 1617198510148]
[176347198510148, 1053865176815]
[176347198510148, 887198510148]
[176347198510148, 180531843482]
[176347198510148, 747198510148]
[176347198510148, 1043865176815]
[176347198510148, 917198510148]
[176347198510148, 67198510148]
[176347198510148, 157198510148]
[176040531843482, 77198510148]
[176040531843482, 937198510148]
[176040531843482, 1213865176815]
[176040531843482, 497198510148]
[176040531843482, 1043865176815]
[176040531843482, 917198510148]
[176040531843482, 70531843482]
[176040531843482, 87198510148]
[176040531843482, 163865176815]
[176040531843482, 730531843482]
[176040531843482, 843865176815]
[176243865176815, 747198510148]
[176243865176815, 137198510148]
[176243865176815, 10531843482]
[176243865176815, 827198510148]
[176243865176815, 497198510148]
[176243865176815, 757198510148]
[176243865176815, 183865176815]
[176243865176815, 163865176815]
[176243865176815, 653865176815]
[176243865176815, 1490531843482]
[176243865176815, 887198510148]
[176243865176815, 87198510148]
[176243865176815, 67198510148]
[176243865176815, 1043865176815]
[176243865176815, 790531843482]
[176243865176815, 827198510148]
[176243865176815, 50531843482]
[176243865176815, 1487198510148]
[176243865176815, 1110531843482]
[176507198510148, 10531843482]
[176507198510148, 937198510148]
[176507198510148, 813865176815]
[176507198510148, 1477198510148]
[176507198510148, 1610531843482]
[176507198510148, 1760531843482]
[176507198510148, 743865176815]
[176507198510148, 1780531843482]
[176507198510148, 1213865176815]
[176507198510148, 707198510148]
[176507198510148, 513865176815]
[176507198510148, 1777198510148]
[176507198510148, 727198510148]
[176507198510148, 1110531843482]
[176507198510148, 770531843482]
[176507198510148, 1017198510148]
[176507198510148, 987198510148]
[176113865176815, 747198510148]
[176113865176815, 757198510148]
[176113865176815, 497198510148]
[176113865176815, 137198510148]
[176113865176815, 727198510148]
[176113865176815, 80531843482]
[176113865176815, 827198510148]
[176113865176815, 337198510148]
[176113865176815, 417198510148]
[176113865176815, 87198510148]
[176113865176815, 790531843482]
[176080531843482, 10531843482]
[176080531843482, 123865176815]
[176080531843482, 843865176815]
[176080531843482, 163865176815]
[176080531843482, 827198510148]
[176080531843482, 410531843482]
[176080531843482, 703865176815]
[176080531843482, 1023865176815]
[176010531843482, 727198510148]
[176010531843482, 417198510148]
[176010531843482, 747198510148]
[176010531843482, 80531843482]
[176010531843482, 777198510148]
[176010531843482, 850531843482]
[176010531843482, 457198510148]
[176010531843482, 407198510148]
[176710531843482, 1290531843482]
[176710531843482, 747198510148]
[176710531843482, 1943865176815]
[176710531843482, 1213865176815]
[176710531843482, 1953865176815]
[176710531843482, 200531843482]
[176710531843482, 1940531843482]
[176710531843482, 1920531843482]
[176710531843482, 1803865176815]
[176710531843482, 813865176815]
[176710531843482, 730531843482]
[176710531843482, 753865176815]
[176710531843482, 503865176815]
[176710531843482, 773865176815]
[176597198510149, 137198510148]
[176597198510149, 457198510148]
[176597198510149, 87198510148]
[176597198510149, 1213865176815]
[176597198510149, 790531843482]
[176597198510149, 10531843482]
[176597198510149, 937198510148]
[176597198510149, 813865176815]
[176597198510149, 740531843482]
[176597198510149, 457198510148]
[176597198510149, 410531843482]
[176597198510149, 120531843482]
[176087198510149, 10531843482]
[176087198510149, 757198510148]
[176087198510149, 497198510148]
[176087198510149, 747198510148]
[176087198510149, 270531843482]
[176087198510149, 347198510148]
[176087198510149, 290531843482]
[176087198510149, 283865176815]
[176087198510149, 70531843482]
[176087198510149, 767198510148]
[176087198510149, 1817198510148]
[176087198510149, 53865176815]
[176087198510149, 830531843482]
[176087198510149, 1050531843482]
[176087198510149, 357198510148]
[176087198510149, 103865176815]
[176660531843482, 77198510148]
[176660531843482, 973865176815]
[176660531843482, 163865176815]
[176660531843482, 1467198510148]
[176737198510149, 1467198510148]
[176737198510149, 137198510148]
[176737198510149, 1213865176815]
[176737198510149, 1707198510148]
[176737198510149, 1897198510148]
[176737198510149, 893865176815]
[176737198510149, 497198510148]
[176737198510149, 937198510148]
[176737198510149, 97198510148]
[176737198510149, 1053865176815]
[175937198510149, 1133865176815]
[175937198510149, 640531843482]
[175937198510149, 747198510148]
[175937198510149, 963865176815]
[175937198510149, 163865176815]
[175937198510149, 1073865176815]
[175937198510149, 180531843482]
[175937198510149, 193865176815]
[175937198510149, 1127198510148]
[175937198510149, 173865176815]
[175937198510149, 480531843482]
[175937198510149, 767198510148]
[175937198510149, 227198510148]
[176460531843482, 827198510148]
[176460531843482, 937198510148]
[176460531843482, 353865176815]
[176460531843482, 137198510148]
[176460531843482, 1110531843482]
[176460531843482, 1290531843482]
[176460531843482, 1827198510148]
[176460531843482, 97198510148]
[176460531843482, 1090531843482]
[176460531843482, 757198510148]
[176460531843482, 880531843482]
[176460531843482, 497198510148]
[176460531843482, 1043865176815]
[176460531843482, 937198510148]
[176460531843482, 1050531843482]
[176460531843482, 1110531843482]
[176460531843482, 757198510148]
[176460531843482, 1610531843482]
[176460531843482, 1110531843482]
[176490531843482, 1740531843482]
[176490531843482, 1290531843482]
[176490531843482, 1477198510148]
[176490531843482, 1743865176815]
[176490531843482, 1747198510148]
[176490531843482, 813865176815]
[176490531843482, 937198510148]
[176490531843482, 1753865176815]
[176490531843482, 987198510148]
[176490531843482, 1110531843482]
[176490531843482, 747198510148]
[176490531843482, 1750531843482]
[176490531843482, 1003865176815]
[176490531843482, 497198510148]
[176490531843482, 513865176815]
[176490531843482, 1110531843482]
[176490531843482, 330531843482]
[176090531843482, 800531843482]
[176090531843482, 300531843482]
[176090531843482, 693865176815]
[176090531843482, 10531843482]
[176090531843482, 843865176815]
[176090531843482, 1213865176815]
[176090531843482, 673865176815]
[176090531843482, 283865176815]
[176090531843482, 1030531843482]
[176090531843482, 133865176815]
[176090531843482, 447198510148]
[176090531843482, 247198510148]
[176090531843482, 617198510148]
[176253865176815, 1090531843482]
[176253865176815, 1290531843482]
[176253865176815, 1213865176815]
[176253865176815, 1053865176815]
[176253865176815, 827198510148]
[176253865176815, 727198510148]
[176253865176815, 87198510148]
[176253865176815, 1140531843482]
[176253865176815, 1397198510148]
[176253865176815, 407198510148]
[176423865176815, 77198510148]
[176423865176815, 937198510148]
[176423865176815, 97198510148]
[176423865176815, 317198510148]
[176423865176815, 1017198510148]
[176423865176815, 67198510148]
[176423865176815, 290531843482]
[176423865176815, 97198510148]
[176423865176815, 317198510148]
[176423865176815, 773865176815]
[176423865176815, 497198510148]
[176423865176815, 1213865176815]
[176423865176815, 377198510148]
[176423865176815, 417198510148]
[176423865176815, 187198510148]
[176423865176815, 883865176815]
[176687198510149, 10531843482]
[176687198510149, 37198510148]
[176687198510149, 540531843482]
[176687198510149, 1610531843482]
[176687198510149, 780531843482]
[176687198510149, 1217198510148]
[176687198510149, 1053865176815]
[176687198510149, 843865176815]
[176477198510149, 1720531843482]
[176477198510149, 1213865176815]
[176477198510149, 1003865176815]
[176477198510149, 497198510148]
[176477198510149, 513865176815]
[176477198510149, 1717198510148]
[176477198510149, 987198510148]
[176477198510149, 480531843482]
[176477198510149, 1090531843482]
[176477198510149, 1110531843482]
[176477198510149, 1723865176815]
[176477198510149, 1180531843482]
[176477198510149, 1110531843482]
[176723865176815, 457198510148]
[176723865176815, 937198510148]
[176723865176815, 1610531843482]
[176723865176815, 1610531843482]
[176723865176815, 137198510148]
[176723865176815, 137198510148]
[176723865176815, 1213865176815]
[176723865176815, 1490531843482]
[176723865176815, 77198510148]
[176723865176815, 410531843482]
[176723865176815, 937198510148]
[176723865176815, 813865176815]
[176433865176815, 843865176815]
[176433865176815, 137198510148]
[176433865176815, 703865176815]
[176433865176815, 1290531843482]
[176433865176815, 1213865176815]
[176433865176815, 1677198510148]
[176433865176815, 773865176815]
[176433865176815, 790531843482]
[176433865176815, 937198510148]
[176433865176815, 813865176815]
[176470531843482, 1450531843482]
[176470531843482, 163865176815]
[176470531843482, 1003865176815]
[176470531843482, 1043865176815]
[176470531843482, 1213865176815]
[176470531843482, 97198510148]
[176470531843482, 880531843482]
[176470531843482, 500531843482]
[176470531843482, 1827198510148]
[176470531843482, 10531843482]
[176470531843482, 1110531843482]
[176470531843482, 843865176815]
[176470531843482, 827198510148]
[176470531843482, 1110531843482]
[176470531843482, 303865176815]
[176640531843482, 843865176815]
[176640531843482, 163865176815]
[176640531843482, 1750531843482]
[176640531843482, 497198510148]
[176640531843482, 117198510148]
[176640531843482, 503865176815]
[176640531843482, 987198510148]
[176640531843482, 1707198510148]
[176640531843482, 1090531843482]
[176640531843482, 1017198510148]
[176640531843482, 137198510148]
[175900531843482, 757198510148]
[175900531843482, 747198510148]
[175900531843482, 497198510148]
[175900531843482, 650531843482]
[175900531843482, 727198510148]
[175900531843482, 387198510148]
[175900531843482, 1057198510148]
[175900531843482, 597198510148]
[175900531843482, 1053865176815]
[175900531843482, 1140531843482]
[175900531843482, 993865176815]
[175900531843482, 780531843482]
[176270531843482, 850531843482]
[176270531843482, 403865176815]
[176270531843482, 407198510148]
[176270531843482, 1090531843482]
[176270531843482, 10531843482]
[176270531843482, 1507198510148]
[176270531843482, 757198510148]
[176270531843482, 827198510148]
[176270531843482, 87198510148]
[176270531843482, 937198510148]
[176270531843482, 813865176815]
[176270531843482, 1140531843482]
[176450531843482, 1690531843482]
[176450531843482, 80531843482]
[176450531843482, 87198510148]
[176450531843482, 137198510148]
[176450531843482, 497198510148]
[176450531843482, 190531843482]
[176450531843482, 727198510148]
[176450531843482, 113865176815]
[176450531843482, 587198510148]
[176450531843482, 1683865176815]
[176450531843482, 1140531843482]
[176450531843482, 1687198510148]
[176450531843482, 790531843482]
[176450531843482, 1647198510148]
[176450531843482, 937198510148]
[176450531843482, 813865176815]
[176500531843482, 10531843482]
[176500531843482, 937198510148]
[176500531843482, 1477198510148]
[176500531843482, 813865176815]
[176500531843482, 403865176815]
[176500531843482, 1760531843482]
[176500531843482, 743865176815]
[176500531843482, 513865176815]
[176500531843482, 497198510148]
[176500531843482, 1213865176815]
[176500531843482, 163865176815]
[176500531843482, 1417198510148]
[176500531843482, 183865176815]
[176500531843482, 727198510148]
[176500531843482, 1767198510148]
[176500531843482, 1110531843482]
[176500531843482, 770531843482]
[176500531843482, 600531843482]
[176500531843482, 1017198510148]
[176667198510149, 843865176815]
[176667198510149, 973865176815]
[176667198510149, 940531843482]
[176667198510149, 727198510148]
[176667198510149, 127198510148]
[176667198510149, 497198510148]
[176667198510149, 633865176815]
[176667198510149, 1213865176815]
[176667198510149, 1053865176815]
[176667198510149, 70531843482]
[176667198510149, 747198510148]
[176667198510149, 390531843482]
[176667198510149, 1093865176815]
[176667198510149, 330531843482]
[176667198510149, 987198510148]
[176667198510149, 917198510148]
[176667198510149, 790531843482]
[176667198510149, 923865176815]
[176667198510149, 1647198510148]
[176467198510149, 3865176815]
[176467198510149, 1217198510148]
[176467198510149, 757198510148]
[176467198510149, 500531843482]
[176467198510149, 880531843482]
[176467198510149, 163865176815]
[176467198510149, 673865176815]
[176467198510149, 1043865176815]
[176467198510149, 1827198510148]
[176467198510149, 987198510148]
[176467198510149, 330531843482]
[176467198510149, 303865176815]
[176467198510149, 1090531843482]
[176720531843482, 217198510148]
[176720531843482, 1973865176815]
[176720531843482, 1610531843482]
[176720531843482, 703865176815]
[176720531843482, 457198510148]
[176720531843482, 1157198510148]
[176720531843482, 773865176815]
[176720531843482, 937198510148]
[176720531843482, 97198510148]
[176720531843482, 503865176815]
[176720531843482, 187198510148]
[176720531843482, 177198510148]
[176720531843482, 747198510148]
[176720531843482, 1943865176815]
[176153865176815, 137198510148]
[176153865176815, 1213865176815]
[176153865176815, 727198510148]
[176153865176815, 827198510148]
[176153865176815, 1227198510148]
[176153865176815, 740531843482]
[176153865176815, 733865176815]
[176153865176815, 3865176815]
[176153865176815, 1300531843482]
[176153865176815, 843865176815]
[176153865176815, 137198510148]
[175987198510149, 137198510148]
[175987198510149, 747198510148]
[175987198510149, 3865176815]
[175987198510149, 937198510148]
[175987198510149, 1007198510148]
[175987198510149, 123865176815]
[175987198510149, 727198510148]
[175987198510149, 813865176815]
[175987198510149, 1213865176815]
[175987198510149, 497198510148]
[175987198510149, 883865176815]
[175987198510149, 1127198510148]
[175987198510149, 703865176815]
[175987198510149, 587198510148]
[175987198510149, 783865176815]
[175987198510149, 107198510148]
[175987198510149, 937198510148]
[175987198510149, 813865176815]
[175987198510149, 790531843482]
[176447198510149, 3865176815]
[176447198510149, 137198510148]
[176447198510149, 747198510148]
[176447198510149, 877198510148]
[176447198510149, 880531843482]
[176447198510149, 270531843482]
[176447198510149, 1680531843482]
[176447198510149, 497198510148]
[176447198510149, 63865176815]
[176447198510149, 1053865176815]
[176447198510149, 773865176815]
[176447198510149, 70531843482]
[176447198510149, 1043865176815]
[176447198510149, 227198510148]
[176447198510149, 390531843482]
[176447198510149, 667198510148]
[176447198510149, 1210531843482]
[176447198510149, 937198510148]
[176447198510149, 813865176815]
[176520531843482, 3865176815]
[176520531843482, 937198510148]
[176520531843482, 813865176815]
[176520531843482, 517198510148]
[176520531843482, 513865176815]
[176520531843482, 1003865176815]
[176520531843482, 893865176815]
[176520531843482, 1110531843482]
[176520531843482, 317198510148]
[176167198510149, 747198510148]
[176167198510149, 1213865176815]
[176167198510149, 217198510148]
[176167198510149, 513865176815]
[176167198510149, 583865176815]
[176167198510149, 1350531843482]
[176167198510149, 237198510148]
[176167198510149, 1280531843482]
[176167198510149, 227198510148]
[176167198510149, 317198510148]
[175883865176815, 413865176815]
[175883865176815, 970531843482]
[175883865176815, 327198510148]
[175883865176815, 220531843482]
[176060531843482, 680531843482]
[176060531843482, 227198510148]
[176060531843482, 587198510148]
[176060531843482, 423865176815]
[176060531843482, 937198510148]
[176060531843482, 217198510148]
[176060531843482, 747198510148]
[176060531843482, 1213865176815]
[176060531843482, 880531843482]
[176060531843482, 497198510148]
[176060531843482, 197198510148]
[176060531843482, 790531843482]
[176250531843482, 227198510148]
[176250531843482, 217198510148]
[176250531843482, 137198510148]
[176250531843482, 653865176815]
[176250531843482, 497198510148]
[176250531843482, 827198510148]
[176250531843482, 703865176815]
[176250531843482, 1127198510148]
[176250531843482, 383865176815]
[176250531843482, 1493865176815]
[176250531843482, 947198510148]
[176250531843482, 813865176815]
[176250531843482, 827198510148]
[176250531843482, 137198510148]
[176250531843482, 467198510148]
[176250531843482, 310531843482]
[176250531843482, 467198510148]
[175983865176815, 3865176815]
[175983865176815, 1213865176815]
[175983865176815, 1057198510148]
[175983865176815, 497198510148]
[175983865176815, 523865176815]
[175983865176815, 1090531843482]
[175983865176815, 350531843482]
[175983865176815, 323865176815]
[175983865176815, 1070531843482]
[175983865176815, 250531843482]
[175983865176815, 550531843482]
[175983865176815, 1143865176815]
[175983865176815, 333865176815]
[175983865176815, 440531843482]
[175983865176815, 493865176815]
[175983865176815, 937198510148]
[176103865176815, 513865176815]
[176103865176815, 497198510148]
[176103865176815, 987198510148]
[176103865176815, 927198510148]
[176103865176815, 533865176815]
[176103865176815, 840531843482]
[176103865176815, 1090531843482]
[176103865176815, 657198510148]
[176400531843482, 747198510148]
[176400531843482, 727198510148]
[176400531843482, 223865176815]
[176400531843482, 1257198510148]
[176400531843482, 1227198510148]
[176400531843482, 1210531843482]
[176400531843482, 790531843482]
[176263865176815, 843865176815]
[176263865176815, 137198510148]
[176263865176815, 383865176815]
[176263865176815, 407198510148]
[176263865176815, 137198510148]
[176263865176815, 963865176815]
[176263865176815, 163865176815]
[176263865176815, 183865176815]
[176263865176815, 500531843482]
[176263865176815, 1127198510148]
[176263865176815, 1053865176815]
[176263865176815, 1423865176815]
[176263865176815, 227198510148]
[176263865176815, 3865176815]
[176263865176815, 1210531843482]
[176263865176815, 790531843482]
[176703865176815, 1937198510148]
[176703865176815, 137198510148]
[176703865176815, 863865176815]
[176703865176815, 497198510148]
[176703865176815, 217198510148]
[176703865176815, 747198510148]
[176703865176815, 1210531843482]
[176703865176815, 877198510148]
[176703865176815, 443865176815]
[176703865176815, 713865176815]
[176703865176815, 657198510148]
[176107198510149, 747198510148]
[176107198510149, 47198510148]
[176107198510149, 963865176815]
[176107198510149, 223865176815]
[176107198510149, 233865176815]
[176107198510149, 220531843482]
[176107198510149, 497198510148]
[176107198510149, 113865176815]
[176107198510149, 887198510148]
[176107198510149, 227198510148]
[176107198510149, 1053865176815]
[176107198510149, 1043865176815]
[176107198510149, 917198510148]
[176107198510149, 70531843482]
[176107198510149, 790531843482]
[176107198510149, 210531843482]
[176107198510149, 827198510148]
[176107198510149, 137198510148]
[176100531843482, 220531843482]
[176100531843482, 1100531843482]
[176100531843482, 347198510148]
[176100531843482, 977198510148]
[176100531843482, 497198510148]
[176100531843482, 890531843482]
[176100531843482, 577198510148]
[176100531843482, 967198510148]
[176100531843482, 537198510148]
[176100531843482, 613865176815]
[176100531843482, 17198510148]
[176100531843482, 560531843482]
[176100531843482, 983865176815]
[176100531843482, 703865176815]
[176653865176815, 220531843482]
[176653865176815, 163865176815]
[176653865176815, 973865176815]
[176653865176815, 1213865176815]
[176653865176815, 87198510148]
[176653865176815, 1340531843482]
[176653865176815, 983865176815]
[176653865176815, 137198510148]
[176653865176815, 1017198510148]
[176653865176815, 1090531843482]
[176653865176815, 937198510148]
[176653865176815, 813865176815]
[176503865176815, 217198510148]
[176503865176815, 827198510148]
[176503865176815, 1610531843482]
[176503865176815, 1760531843482]
[176503865176815, 50531843482]
[176503865176815, 937198510148]
[176503865176815, 753865176815]
[176503865176815, 503865176815]
[176503865176815, 1110531843482]
[176503865176815, 227198510148]
[176503865176815, 1770531843482]
[176503865176815, 987198510148]
[176503865176815, 590531843482]
[176503865176815, 1733865176815]
[176503865176815, 1477198510148]
[176503865176815, 1773865176815]
[176503865176815, 1760531843482]
[176503865176815, 497198510148]
[176503865176815, 1003865176815]
[176643865176815, 843865176815]
[176643865176815, 123865176815]
[176643865176815, 497198510148]
[176643865176815, 217198510148]
[176643865176815, 53865176815]
[176643865176815, 590531843482]
[176643865176815, 227198510148]
[176643865176815, 137198510148]
[176643865176815, 1090531843482]
[176643865176815, 747198510148]
[176457198510149, 233865176815]
[176457198510149, 673865176815]
[176457198510149, 1003865176815]
[176457198510149, 513865176815]
[176457198510149, 497198510148]
[176457198510149, 1213865176815]
[176457198510149, 863865176815]
[176457198510149, 1043865176815]
[176457198510149, 673865176815]
[176457198510149, 987198510148]
[176457198510149, 1090531843482]
[176457198510149, 133865176815]
[176457198510149, 1827198510148]
[176457198510149, 63865176815]
[176457198510149, 303865176815]
[176457198510149, 1003865176815]
[176457198510149, 1043865176815]
[176457198510149, 497198510148]
[176457198510149, 1827198510148]
[176067198510149, 217198510148]
[176067198510149, 827198510148]
[176067198510149, 1610531843482]
[176067198510149, 120531843482]
[176067198510149, 1090531843482]
[176067198510149, 1023865176815]
[176067198510149, 757198510148]
[176067198510149, 497198510148]
[176067198510149, 827198510148]
[176067198510149, 353865176815]
[176067198510149, 227198510148]
[176067198510149, 590531843482]
[176067198510149, 987198510148]
[176067198510149, 67198510148]
[176067198510149, 493865176815]
[176043865176815, 3865176815]
[176043865176815, 743865176815]
[176043865176815, 403865176815]
[176043865176815, 457198510148]
[176043865176815, 133865176815]
[176043865176815, 937198510148]
[176043865176815, 773865176815]
[176043865176815, 753865176815]
[176043865176815, 240531843482]
[176043865176815, 97198510148]
[176043865176815, 187198510148]
[176043865176815, 923865176815]
[176043865176815, 503865176815]
[176043865176815, 1827198510148]
[176043865176815, 767198510148]
[176043865176815, 57198510148]
[176043865176815, 690531843482]
[176483865176815, 927198510148]
[176483865176815, 987198510148]
[176483865176815, 1477198510148]
[176483865176815, 1180531843482]
[176483865176815, 1110531843482]
[176483865176815, 3865176815]
[176483865176815, 250531843482]
[176483865176815, 1733865176815]
[176483865176815, 133865176815]
[176483865176815, 1003865176815]
[176483865176815, 500531843482]
[176483865176815, 1737198510148]
[176483865176815, 800531843482]
[176170531843482, 863865176815]
[176170531843482, 513865176815]
[176170531843482, 497198510148]
[176170531843482, 317198510148]
[176170531843482, 1023865176815]
[176170531843482, 220531843482]
[176170531843482, 793865176815]
[176170531843482, 227198510148]
[176170531843482, 540531843482]
[175913865176815, 900531843482]
[175913865176815, 363865176815]
[175913865176815, 770531843482]
[175913865176815, 987198510148]
[175913865176815, 1123865176815]
[175913865176815, 1017198510148]
[175913865176815, 1110531843482]
[175913865176815, 797198510148]
[175913865176815, 497198510148]
[175913865176815, 3865176815]
[175913865176815, 1610531843482]
[175913865176815, 253865176815]
[175933865176815, 843865176815]
[175933865176815, 757198510148]
[175933865176815, 747198510148]
[175933865176815, 227198510148]
[175933865176815, 337198510148]
[175933865176815, 780531843482]
[175933865176815, 220531843482]
[175933865176815, 47198510148]
[175933865176815, 997198510148]
[175933865176815, 803865176815]
[176443865176815, 137198510148]
[176443865176815, 757198510148]
[176443865176815, 227198510148]
[176443865176815, 217198510148]
[176443865176815, 843865176815]
[176443865176815, 937198510148]
[176443865176815, 97198510148]
[176733865176815, 223865176815]
[176733865176815, 757198510148]
[176733865176815, 163865176815]
[176733865176815, 653865176815]
[176733865176815, 183865176815]
[176733865176815, 1467198510148]
[176733865176815, 290531843482]
[176733865176815, 1827198510148]
[176733865176815, 67198510148]
[176733865176815, 790531843482]
[176733865176815, 377198510148]
[176733865176815, 813865176815]
[176733865176815, 937198510148]
[176020531843482, 667198510148]
[176020531843482, 773865176815]
[176020531843482, 877198510148]
[176020531843482, 233865176815]
[176020531843482, 1090531843482]
[176020531843482, 540531843482]
[176020531843482, 513865176815]
[176020531843482, 500531843482]
[176020531843482, 493865176815]
[176020531843482, 567198510148]
[176020531843482, 250531843482]
[176020531843482, 1067198510148]
[175907198510149, 987198510148]
[175907198510149, 1110531843482]
[175907198510149, 133865176815]
[175907198510149, 570531843482]
[175907198510149, 707198510148]
[175907198510149, 330531843482]
[175907198510149, 220531843482]
[175907198510149, 1010531843482]
[175907198510149, 130531843482]
[176047198510149, 843865176815]
[176047198510149, 543865176815]
[176047198510149, 1023865176815]
[176047198510149, 497198510148]
[176047198510149, 1037198510148]
[176047198510149, 303865176815]
[176047198510149, 1033865176815]
[176047198510149, 1017198510148]
[176047198510149, 3865176815]
[176047198510149, 673865176815]
[176047198510149, 57198510148]
[176047198510149, 893865176815]
[176310531843482, 827198510148]
[176310531843482, 173865176815]
[176310531843482, 137198510148]
[176310531843482, 1547198510148]
[176310531843482, 137198510148]
[176310531843482, 367198510148]
[176310531843482, 280531843482]
[176310531843482, 603865176815]
[175893865176815, 373865176815]
[175893865176815, 137198510148]
[175893865176815, 110531843482]
[175893865176815, 173865176815]
[175893865176815, 470531843482]
[175893865176815, 563865176815]
[175893865176815, 1833865176815]
[175893865176815, 450531843482]
[175890531843482, 827198510148]
[175890531843482, 243865176815]
[175890531843482, 310531843482]
[175890531843482, 853865176815]
[175890531843482, 137198510148]
[175890531843482, 173865176815]
[175890531843482, 563865176815]
[175890531843482, 467198510148]
[175890531843482, 1833865176815]
[175890531843482, 450531843482]
[176183865176815, 1357198510148]
[176183865176815, 410531843482]
[176183865176815, 50531843482]
[176183865176815, 1080531843482]
[176183865176815, 743865176815]
[176183865176815, 1370531843482]
[176183865176815, 1360531843482]
[176313865176815, 137198510148]
[176313865176815, 173865176815]
[176313865176815, 953865176815]
[176313865176815, 1570531843482]
[176313865176815, 50531843482]
[176313865176815, 410531843482]
[176313865176815, 1080531843482]
[176313865176815, 1833865176815]
[176313865176815, 137198510148]
[176313865176815, 173865176815]
[176313865176815, 953865176815]
[176313865176815, 1570531843482]
[176313865176815, 50531843482]
[176313865176815, 410531843482]
[176313865176815, 1080531843482]
[176313865176815, 1833865176815]
[176313865176815, 1553865176815]
[176313865176815, 1273865176815]
[176313865176815, 1567198510148]
[176427198510149, 1110531843482]
[176427198510149, 1583865176815]
[176427198510149, 1017198510148]
[176427198510149, 703865176815]
[176427198510149, 137198510148]
[176427198510149, 410531843482]
[176427198510149, 937198510148]
[176427198510149, 457198510148]
[176427198510149, 743865176815]
[176427198510149, 657198510148]
[176427198510149, 1017198510148]
[176427198510149, 280531843482]
[176303865176815, 1543865176815]
[176303865176815, 137198510148]
[176303865176815, 173865176815]
[176303865176815, 657198510148]
[176303865176815, 827198510148]
[176303865176815, 50531843482]
[176303865176815, 1017198510148]
[176303865176815, 173865176815]
[176303865176815, 660531843482]
[176303865176815, 383865176815]
[176303865176815, 1143865176815]
[176303865176815, 713865176815]
[175973865176815, 137198510148]
[175973865176815, 117198510148]
[175973865176815, 1020531843482]
[175973865176815, 280531843482]
[175973865176815, 703865176815]
[175973865176815, 383865176815]
[175973865176815, 410531843482]
[175973865176815, 1017198510148]
[175973865176815, 740531843482]
[176537198510149, 1343865176815]
[176537198510149, 410531843482]
[176537198510149, 457198510148]
[176537198510149, 1017198510148]
[176537198510149, 280531843482]
[176537198510149, 667198510148]
[176537198510149, 1787198510148]
[176537198510149, 1157198510148]
[176410531843482, 1397198510148]
[176410531843482, 410531843482]
[176410531843482, 723865176815]
[176410531843482, 1523865176815]
[176410531843482, 1080531843482]
[176410531843482, 137198510148]
[176410531843482, 1620531843482]
[176410531843482, 1367198510148]
[176323865176815, 1090531843482]
[176323865176815, 827198510148]
[176323865176815, 90531843482]
[176323865176815, 1017198510148]
[176323865176815, 410531843482]
[176323865176815, 937198510148]
[176323865176815, 280531843482]
[176323865176815, 163865176815]
[176323865176815, 1367198510148]
[176323865176815, 1153865176815]
[176323865176815, 173865176815]
[176323865176815, 137198510148]
[176587198510149, 167198510148]
[176587198510149, 1157198510148]
[176587198510149, 407198510148]
[176587198510149, 1860531843482]
[176587198510149, 1157198510148]
[176587198510149, 1570531843482]
[176327198510149, 1580531843482]
[176327198510149, 937198510148]
[176327198510149, 1583865176815]
[176327198510149, 703865176815]
[176327198510149, 137198510148]
[176327198510149, 410531843482]
[176327198510149, 1090531843482]
[176327198510149, 137198510148]
[176327198510149, 133865176815]
[176327198510149, 280531843482]
[176327198510149, 1590531843482]
[176327198510149, 703865176815]
[176327198510149, 173865176815]
[176367198510149, 850531843482]
[176367198510149, 1380531843482]
[176367198510149, 1547198510148]
[176367198510149, 1623865176815]
[176367198510149, 337198510148]
[176367198510149, 1157198510148]
[176367198510149, 157198510148]
[176187198510149, 827198510148]
[176187198510149, 137198510148]
[176187198510149, 1153865176815]
[176187198510149, 1157198510148]
[176187198510149, 137198510148]
[176187198510149, 1373865176815]
[176187198510149, 1377198510148]
[176187198510149, 1380531843482]
[176187198510149, 410531843482]
[176187198510149, 1080531843482]
[176187198510149, 1370531843482]
[176187198510149, 1383865176815]
[176177198510149, 1357198510148]
[176177198510149, 143865176815]
[176177198510149, 17198510148]
[176177198510149, 590531843482]
[176177198510149, 660531843482]
[176177198510149, 1077198510148]
[176177198510149, 1110531843482]
[176177198510149, 947198510148]
[176553865176815, 1810531843482]
[176553865176815, 137198510148]
[176553865176815, 1813865176815]
[176553865176815, 1387198510148]
[175920531843482, 823865176815]
[175920531843482, 137198510148]
[175920531843482, 703865176815]
[175920531843482, 410531843482]
[175920531843482, 533865176815]
[175920531843482, 457198510148]
[176200531843482, 1390531843482]
[176200531843482, 1387198510148]
[176200531843482, 940531843482]
[176200531843482, 1377198510148]
[176200531843482, 410531843482]
[176200531843482, 827198510148]
[176200531843482, 297198510148]
[176200531843482, 1360531843482]
[176350531843482, 1620531843482]
[176350531843482, 173865176815]
[176350531843482, 1390531843482]
[176350531843482, 137198510148]
[176350531843482, 137198510148]
[176350531843482, 173865176815]
[176350531843482, 1390531843482]
[176350531843482, 383865176815]
[176350531843482, 407198510148]
[176350531843482, 403865176815]
[176350531843482, 383865176815]
[176350531843482, 1157198510148]
[176633865176815, 137198510148]
[176633865176815, 723865176815]
[176633865176815, 827198510148]
[176633865176815, 410531843482]
[176633865176815, 563865176815]
[176633865176815, 1870531843482]
[176633865176815, 1863865176815]
[176633865176815, 1597198510148]
[176633865176815, 1523865176815]
[176633865176815, 1527198510148]
[176633865176815, 1370531843482]
[176633865176815, 657198510148]
[176633865176815, 1877198510148]
[176633865176815, 1873865176815]
[176633865176815, 1080531843482]
[176633865176815, 50531843482]
[175960531843482, 940531843482]
[175960531843482, 360531843482]
[175960531843482, 527198510148]
[175960531843482, 760531843482]
[175960531843482, 913865176815]
[175960531843482, 273865176815]
[176630531843482, 760531843482]
[176630531843482, 367198510148]
[176630531843482, 1867198510148]
[176630531843482, 273865176815]
[176630531843482, 1530531843482]
[176630531843482, 1337198510148]
[176630531843482, 383865176815]
[176630531843482, 450531843482]
[176630531843482, 1390531843482]
[176627198510149, 1570531843482]
[176627198510149, 110531843482]
[176627198510149, 1863865176815]
[176627198510149, 740531843482]
[176627198510149, 1523865176815]
[176627198510149, 827198510148]
[176627198510149, 120531843482]
[176627198510149, 723865176815]
[176627198510149, 410531843482]
[176627198510149, 113865176815]
[176627198510149, 137198510148]
[176330531843482, 1570531843482]
[176330531843482, 137198510148]
[176330531843482, 723865176815]
[176330531843482, 760531843482]
[176330531843482, 1563865176815]
[176330531843482, 827198510148]
[176330531843482, 50531843482]
[176330531843482, 410531843482]
[176330531843482, 563865176815]
[176330531843482, 703865176815]
[176330531843482, 1590531843482]
[176330531843482, 1597198510148]
[176330531843482, 703865176815]
[176330531843482, 173865176815]
[176293865176815, 137198510148]
[176293865176815, 827198510148]
[176293865176815, 657198510148]
[176293865176815, 137198510148]
[176293865176815, 1527198510148]
[176293865176815, 1533865176815]
[176293865176815, 723865176815]
[176293865176815, 280531843482]
[176293865176815, 513865176815]
[176293865176815, 1827198510148]
[176293865176815, 657198510148]
[176293865176815, 410531843482]
[176293865176815, 1017198510148]
[175970531843482, 1013865176815]
[175970531843482, 383865176815]
[175970531843482, 700531843482]
[175970531843482, 517198510148]
[175970531843482, 713865176815]
[176690531843482, 373865176815]
[176690531843482, 1570531843482]
[176690531843482, 137198510148]
[176690531843482, 540531843482]
[176690531843482, 1337198510148]
[176690531843482, 410531843482]
[176690531843482, 657198510148]
[176690531843482, 760531843482]
[176690531843482, 590531843482]
[176690531843482, 1587198510148]
[175957198510149, 257198510148]
[175957198510149, 587198510148]
[175957198510149, 313865176815]
[175957198510149, 1080531843482]
[175957198510149, 1113865176815]
[175957198510149, 710531843482]
[176300531843482, 137198510148]
[176300531843482, 953865176815]
[176300531843482, 1077198510148]
[176300531843482, 1487198510148]
[176300531843482, 703865176815]
[176300531843482, 853865176815]
[176300531843482, 1530531843482]
[176197198510149, 373865176815]
[176197198510149, 137198510148]
[176197198510149, 313865176815]
[176197198510149, 407198510148]
[176197198510149, 673865176815]
[176197198510149, 383865176815]
[176197198510149, 1157198510148]
[176197198510149, 673865176815]
[176717198510149, 1583865176815]
[176717198510149, 1110531843482]
[176717198510149, 1110531843482]
[176717198510149, 1017198510148]
[176717198510149, 937198510148]
[176717198510149, 410531843482]
[176717198510149, 1963865176815]
[176717198510149, 457198510148]
[176717198510149, 1690531843482]
[176717198510149, 703865176815]
[176717198510149, 1017198510148]
[176717198510149, 1077198510148]
[176717198510149, 1970531843482]
[176717198510149, 137198510148]
[176333865176815, 137198510148]
[176333865176815, 173865176815]
[176333865176815, 410531843482]
[176333865176815, 953865176815]
[176333865176815, 703865176815]
[176333865176815, 657198510148]
[176333865176815, 1533865176815]
[176637198510149, 137198510148]
[176637198510149, 827198510148]
[176637198510149, 173865176815]
[176637198510149, 1880531843482]
[176637198510149, 1610531843482]
[176637198510149, 1157198510148]
[176413865176815, 1530531843482]
[176413865176815, 173865176815]
[176413865176815, 297198510148]
[176413865176815, 1610531843482]
[176413865176815, 373865176815]
[176413865176815, 1667198510148]
[176413865176815, 1570531843482]
[176413865176815, 137198510148]
[176413865176815, 383865176815]
[176413865176815, 1663865176815]
[176413865176815, 1157198510148]
[176413865176815, 1390531843482]
[176413865176815, 137198510148]
[176193865176815, 137198510148]
[176193865176815, 983865176815]
[176193865176815, 1017198510148]
[176193865176815, 1153865176815]
[176193865176815, 173865176815]
[176193865176815, 827198510148]
[176193865176815, 660531843482]
[176193865176815, 410531843482]
[176193865176815, 983865176815]
[176193865176815, 983865176815]
[176193865176815, 173865176815]
[176193865176815, 660531843482]
[176180531843482, 457198510148]
[176180531843482, 410531843482]
[176180531843482, 703865176815]
[176180531843482, 1023865176815]
[176180531843482, 1017198510148]
[176180531843482, 1360531843482]
[176180531843482, 1363865176815]
[176340531843482, 137198510148]
[176340531843482, 1610531843482]
[176340531843482, 703865176815]
[176340531843482, 527198510148]
[176340531843482, 100531843482]
[176340531843482, 133865176815]
[176340531843482, 1603865176815]
[176340531843482, 953865176815]
[176340531843482, 570531843482]
[176207198510149, 1180531843482]
[176207198510149, 760531843482]
[176207198510149, 760531843482]
[176207198510149, 173865176815]
[176207198510149, 1410531843482]
[176207198510149, 1363865176815]
[176207198510149, 953865176815]
[176207198510149, 137198510148]
[176207198510149, 723865176815]
[176207198510149, 280531843482]
[176207198510149, 703865176815]
[176203865176815, 137198510148]
[176203865176815, 1400531843482]
[176203865176815, 1403865176815]
[176203865176815, 1343865176815]
[176203865176815, 793865176815]
[176203865176815, 527198510148]
[176203865176815, 703865176815]
[176203865176815, 383865176815]
[176203865176815, 1377198510148]
[176203865176815, 1407198510148]
[176527198510149, 793865176815]
[176527198510149, 1017198510148]
[176527198510149, 1610531843482]
[176387198510149, 1650531843482]
[176387198510149, 173865176815]
[176387198510149, 137198510148]
[176387198510149, 1657198510148]
[176387198510149, 157198510148]
[176387198510149, 280531843482]
[176387198510149, 113865176815]
[176387198510149, 850531843482]
[176740531843482, 457198510148]
[176740531843482, 410531843482]
[176740531843482, 703865176815]
[176740531843482, 1110531843482]
[176740531843482, 937198510148]
[176740531843482, 1017198510148]
[176740531843482, 137198510148]
[176440531843482, 137198510148]
[176440531843482, 1017198510148]
[176440531843482, 410531843482]
[176440531843482, 1080531843482]
[176440531843482, 457198510148]
[176440531843482, 50531843482]
[176440531843482, 703865176815]
[176440531843482, 1373865176815]
[176440531843482, 133865176815]
[176440531843482, 1620531843482]
[176440531843482, 137198510148]
[176190531843482, 1393865176815]
[176190531843482, 1397198510148]
[176190531843482, 827198510148]
[176190531843482, 173865176815]
[176190531843482, 937198510148]
[176190531843482, 740531843482]
[176190531843482, 280531843482]
[176190531843482, 410531843482]
[176190531843482, 137198510148]
[176190531843482, 703865176815]
[176190531843482, 1157198510148]
[176337198510149, 953865176815]
[176337198510149, 173865176815]
[176337198510149, 50531843482]
[176337198510149, 137198510148]
[176337198510149, 1590531843482]
[176337198510149, 410531843482]
[176337198510149, 703865176815]
[176337198510149, 1080531843482]
[175953865176815, 710531843482]
[175953865176815, 257198510148]
[175953865176815, 793865176815]
[175953865176815, 1080531843482]
[175953865176815, 800531843482]
[176747198510149, 137198510148]
[176747198510149, 407198510148]
[176747198510149, 1153865176815]
[176747198510149, 50531843482]
[176747198510149, 457198510148]
[176747198510149, 1997198510148]
[176110531843482, 373865176815]
[176110531843482, 1150531843482]
[176110531843482, 137198510148]
[176110531843482, 1153865176815]
[176110531843482, 1080531843482]
[176110531843482, 1157198510148]
[176110531843482, 1163865176815]
[176110531843482, 947198510148]
[176110531843482, 383865176815]
[176110531843482, 1167198510148]
[176110531843482, 1160531843482]
[176110531843482, 1150531843482]
[176287198510149, 953865176815]
[176287198510149, 937198510148]
[176287198510149, 1487198510148]
[176287198510149, 1527198510148]
[176287198510149, 173865176815]
[176287198510149, 657198510148]
[176287198510149, 760531843482]
[176287198510149, 703865176815]
[176287198510149, 1530531843482]
[176277198510149, 137198510148]
[176277198510149, 723865176815]
[176277198510149, 410531843482]
[176277198510149, 953865176815]
[176277198510149, 50531843482]
[176277198510149, 90531843482]
[176277198510149, 100531843482]
[176277198510149, 703865176815]
[176277198510149, 383865176815]
[176277198510149, 137198510148]
[176277198510149, 723865176815]
[176277198510149, 100531843482]
[176277198510149, 383865176815]
[176277198510149, 1080531843482]
[175977198510149, 697198510148]
[175977198510149, 1110531843482]
[175977198510149, 1080531843482]
[175977198510149, 953865176815]
[175977198510149, 90531843482]
[175977198510149, 410531843482]
[175977198510149, 137198510148]
[175977198510149, 367198510148]
[175977198510149, 100531843482]
[175977198510149, 703865176815]
[175977198510149, 603865176815]
[175977198510149, 723865176815]
[175977198510149, 137198510148]
[175977198510149, 383865176815]
[175977198510149, 100531843482]
[176683865176816, 457198510148]
[176683865176816, 937198510148]
[176683865176816, 1017198510148]
[176683865176816, 137198510148]
[176683865176816, 1110531843482]
[176683865176816, 1927198510148]
[176683865176816, 1013865176815]
[176683865176816, 330531843482]
[176683865176816, 1017198510148]
[176683865176816, 280531843482]
[176683865176816, 660531843482]
[176683865176816, 1637198510148]
[176683865176816, 703865176815]
[176683865176816, 1017198510148]
[176437198510149, 133865176815]
[176437198510149, 137198510148]
[176437198510149, 410531843482]
[176437198510149, 1080531843482]
[176437198510149, 937198510148]
[176437198510149, 827198510148]
[176437198510149, 703865176815]
[176297198510149, 1013865176815]
[176297198510149, 1540531843482]
[176297198510149, 1537198510148]
[176297198510149, 1360531843482]
[176297198510149, 173865176815]
[176297198510149, 117198510148]
[176363865176816, 850531843482]
[176363865176816, 827198510148]
[176363865176816, 1547198510148]
[176363865176816, 173865176815]
[176363865176816, 137198510148]
[176363865176816, 337198510148]
[176430531843482, 457198510148]
[176430531843482, 1017198510148]
[176430531843482, 50531843482]
[176430531843482, 937198510148]
[176430531843482, 1610531843482]
[176430531843482, 703865176815]
[176430531843482, 743865176815]
[176430531843482, 743865176815]
[176430531843482, 1157198510148]
[176307198510149, 827198510148]
[176307198510149, 137198510148]
[176307198510149, 527198510148]
[176307198510149, 120531843482]
[176307198510149, 667198510148]
[176307198510149, 410531843482]
[176567198510149, 760531843482]
[176567198510149, 173865176815]
[176567198510149, 747198510148]
[176567198510149, 457198510148]
[176567198510149, 50531843482]
[176567198510149, 410531843482]
[176567198510149, 1080531843482]
[176390531843482, 383865176815]
[176390531843482, 1113865176815]
[176390531843482, 1077198510148]
[176390531843482, 407198510148]
[176390531843482, 173865176815]
[176390531843482, 173865176815]
[175897198510149, 487198510148]
[175897198510149, 380531843482]
[175897198510149, 507198510148]
[175897198510149, 600531843482]
[175897198510149, 670531843482]
[175897198510149, 1217198510148]
[175897198510149, 343865176815]
[175897198510149, 530531843482]
[176580531843482, 747198510148]
[176580531843482, 637198510148]
[176580531843482, 920531843482]
[176580531843482, 1213865176815]
[176580531843482, 1110531843482]
[176580531843482, 790531843482]
[176580531843482, 137198510148]
[176580531843482, 657198510148]
[176697198510149, 497198510148]
[176697198510149, 947198510148]
[176697198510149, 747198510148]
[176697198510149, 657198510148]
[176697198510149, 377198510148]
[176697198510149, 1267198510148]
[176697198510149, 1930531843482]
[176257198510149, 1270531843482]
[176257198510149, 457198510148]
[176257198510149, 1090531843482]
[176257198510149, 1213865176815]
[176257198510149, 163865176815]
[176257198510149, 1093865176815]
[176257198510149, 843865176815]
[176257198510149, 1397198510148]
[176257198510149, 410531843482]
[176017198510149, 167198510148]
[176017198510149, 627198510148]
[176017198510149, 350531843482]
[176017198510149, 757198510148]
[176017198510149, 520531843482]
[176017198510149, 497198510148]
[176017198510149, 713865176815]
[176017198510149, 277198510148]
[176017198510149, 920531843482]
[176017198510149, 510531843482]
[176017198510149, 63865176815]
[176017198510149, 490531843482]
[176017198510149, 350531843482]
[176017198510149, 67198510148]
[176017198510149, 280531843482]
[176017198510149, 290531843482]
[176017198510149, 157198510148]
[176017198510149, 637198510148]
[176017198510149, 870531843482]
[176027198510149, 1213865176815]
[176027198510149, 1023865176815]
[176027198510149, 497198510148]
[176027198510149, 513865176815]
[176027198510149, 687198510148]
[176027198510149, 773865176815]
[176027198510149, 283865176815]
[176027198510149, 157198510148]
[176027198510149, 67198510148]
[176027198510149, 637198510148]
[176027198510149, 540531843482]
[176027198510149, 317198510148]
[176143865176816, 747198510148]
[176143865176816, 1213865176815]
[176143865176816, 163865176815]
[176143865176816, 1267198510148]
[176143865176816, 497198510148]
[176143865176816, 347198510148]
[176143865176816, 513865176815]
[176143865176816, 920531843482]
[176143865176816, 280531843482]
[176143865176816, 590531843482]
[176143865176816, 1273865176815]
[176143865176816, 1097198510148]
[176143865176816, 1277198510148]
[176143865176816, 1280531843482]
[176143865176816, 790531843482]
[175940531843482, 747198510148]
[175940531843482, 513865176815]
[175940531843482, 497198510148]
[175940531843482, 1057198510148]
[175940531843482, 660531843482]
[175940531843482, 173865176815]
[175940531843482, 1103865176815]
[175940531843482, 433865176815]
[175940531843482, 643865176815]
[175940531843482, 1213865176815]
[175940531843482, 63865176815]
[175940531843482, 263865176815]
[175940531843482, 317198510148]
[175940531843482, 660531843482]
[175940531843482, 497198510148]
[175940531843482, 280531843482]
[175940531843482, 1057198510148]
[176700531843482, 1933865176815]
[176700531843482, 643865176815]
[176700531843482, 347198510148]
[176700531843482, 317198510148]
[176700531843482, 773865176815]
[176700531843482, 497198510148]
[176700531843482, 747198510148]
[176700531843482, 1890531843482]
[176700531843482, 343865176815]
[176700531843482, 540531843482]
[176700531843482, 713865176815]
[176280531843482, 137198510148]
[176280531843482, 637198510148]
[176280531843482, 1507198510148]
[176280531843482, 757198510148]
[176280531843482, 163865176815]
[176280531843482, 827198510148]
[176280531843482, 1140531843482]
[176280531843482, 227198510148]
[176280531843482, 70531843482]
[176280531843482, 843865176815]
[176267198510149, 347198510148]
[176267198510149, 1260531843482]
[176267198510149, 877198510148]
[176267198510149, 500531843482]
[176267198510149, 550531843482]
[176267198510149, 880531843482]
[176267198510149, 740531843482]
[176267198510149, 317198510148]
[176267198510149, 643865176815]
[176267198510149, 813865176815]
[176267198510149, 317198510148]
[176267198510149, 827198510148]
[176267198510149, 937198510148]
[176267198510149, 703865176815]
[176267198510149, 1503865176815]
[176267198510149, 407198510148]
[175943865176816, 747198510148]
[175943865176816, 607198510148]
[175943865176816, 1213865176815]
[175943865176816, 433865176815]
[175943865176816, 980531843482]
[175943865176816, 497198510148]
[175943865176816, 437198510148]
[175943865176816, 887198510148]
[175943865176816, 267198510148]
[175943865176816, 173865176815]
[175943865176816, 820531843482]
[175943865176816, 907198510148]
[175943865176816, 807198510148]
[175943865176816, 1850531843482]
[175943865176816, 497198510148]
[175943865176816, 747198510148]
[175943865176816, 60531843482]
[176693865176816, 1057198510148]
[176693865176816, 1017198510148]
[176693865176816, 747198510148]
[176693865176816, 1213865176815]
[176693865176816, 500531843482]
[176693865176816, 637198510148]
[176693865176816, 280531843482]
[176693865176816, 1053865176815]
[176693865176816, 893865176815]
[176693865176816, 227198510148]
[176693865176816, 377198510148]
[176693865176816, 263865176815]
[176693865176816, 713865176815]
[176573865176816, 643865176815]
[176573865176816, 497198510148]
[176573865176816, 1213865176815]
[176573865176816, 997198510148]
[176573865176816, 1053865176815]
[176573865176816, 347198510148]
[176573865176816, 227198510148]
[176573865176816, 583865176815]
[176573865176816, 237198510148]
[176573865176816, 660531843482]
[176573865176816, 680531843482]
[176573865176816, 937198510148]
[176573865176816, 813865176815]
[176160531843482, 943865176815]
[176160531843482, 1330531843482]
[176160531843482, 1323865176815]
[176160531843482, 100531843482]
[176160531843482, 417198510148]
[176463865176816, 623865176815]
[176463865176816, 47198510148]
[176463865176816, 497198510148]
[176463865176816, 1213865176815]
[176463865176816, 773865176815]
[176463865176816, 1043865176815]
[176463865176816, 1217198510148]
[176463865176816, 880531843482]
[176463865176816, 1357198510148]
[176463865176816, 1090531843482]
[176563865176816, 1057198510148]
[176563865176816, 747198510148]
[176563865176816, 1213865176815]
[176563865176816, 880531843482]
[176563865176816, 1417198510148]
[176563865176816, 497198510148]
[176563865176816, 347198510148]
[176563865176816, 773865176815]
[176563865176816, 937198510148]
[176563865176816, 240531843482]
[176563865176816, 410531843482]
[176357198510149, 947198510148]
[176357198510149, 67198510148]
[176357198510149, 497198510148]
[176357198510149, 1043865176815]
[176357198510149, 1223865176815]
[176357198510149, 1127198510148]
[176050531843482, 747198510148]
[176050531843482, 1213865176815]
[176050531843482, 497198510148]
[176050531843482, 473865176815]
[176050531843482, 1043865176815]
[176050531843482, 67198510148]
[176050531843482, 937198510148]
[176050531843482, 183865176815]
[176383865176816, 410531843482]
[176383865176816, 137198510148]
[176383865176816, 780531843482]
[176383865176816, 790531843482]
[176383865176816, 1647198510148]
[176383865176816, 573865176815]
[176033865176816, 1083865176815]
[176033865176816, 457198510148]
[176033865176816, 747198510148]
[176033865176816, 137198510148]
[176033865176816, 1213865176815]
[176033865176816, 183865176815]
[176033865176816, 430531843482]
[176033865176816, 497198510148]
[176033865176816, 763865176815]
[176033865176816, 690531843482]
[176033865176816, 67198510148]
[176033865176816, 390531843482]
[176033865176816, 227198510148]
[176033865176816, 1057198510148]
[176033865176816, 790531843482]
[176033865176816, 497198510148]
[176033865176816, 663865176815]
[176713865176816, 1110531843482]
[176713865176816, 1017198510148]
[176713865176816, 1583865176815]
[176713865176816, 827198510148]
[176713865176816, 937198510148]
[176713865176816, 747198510148]
[176713865176816, 1257198510148]
[176713865176816, 1340531843482]
[176713865176816, 767198510148]
[176713865176816, 57198510148]
[176713865176816, 97198510148]
[176013865176816, 1090531843482]
[176013865176816, 83865176815]
[176013865176816, 843865176815]
[176013865176816, 203865176815]
[176373865176816, 137198510148]
[176373865176816, 780531843482]
[176373865176816, 703865176815]
[176373865176816, 70531843482]
[176373865176816, 827198510148]
[176373865176816, 417198510148]
[176373865176816, 177198510148]
[176373865176816, 573865176815]
[176373865176816, 410531843482]
[176373865176816, 1630531843482]
[176373865176816, 383865176815]
[176373865176816, 997198510148]
[176150531843482, 747198510148]
[176150531843482, 1213865176815]
[176150531843482, 497198510148]
[176150531843482, 1140531843482]
[176150531843482, 1053865176815]
[176150531843482, 1293865176815]
[176150531843482, 410531843482]
[176150531843482, 120531843482]
[176150531843482, 1297198510148]
[176150531843482, 153865176815]
[176150531843482, 790531843482]
[176130531843482, 1237198510148]
[176130531843482, 1243865176815]
[176130531843482, 747198510148]
[176130531843482, 500531843482]
[176130531843482, 863865176815]
[176130531843482, 630531843482]
[176130531843482, 207198510148]
[176130531843482, 60531843482]
[176130531843482, 670531843482]
[176130531843482, 117198510148]
[176130531843482, 1250531843482]
[176130531843482, 673865176815]
[176130531843482, 173865176815]
[176117198510149, 1177198510148]
[176117198510149, 137198510148]
[176117198510149, 1180531843482]
[176117198510149, 783865176815]
[176117198510149, 740531843482]
[176117198510149, 1173865176815]
[176117198510149, 790531843482]
[176097198510149, 680531843482]
[176097198510149, 827198510148]
[176097198510149, 733865176815]
[176097198510149, 503865176815]
[176097198510149, 633865176815]
[176097198510149, 97198510148]
[176097198510149, 177198510148]
[176097198510149, 137198510148]
[176097198510149, 1130531843482]
[176097198510149, 587198510148]
[176097198510149, 717198510148]
[176097198510149, 137198510148]
[176097198510149, 503865176815]
[176097198510149, 117198510148]
[176097198510149, 197198510148]
[176097198510149, 307198510148]
[176097198510149, 137198510148]
[176623865176816, 983865176815]
[176623865176816, 260531843482]
[176623865176816, 387198510148]
[176623865176816, 937198510148]
[176623865176816, 117198510148]
[176623865176816, 47198510148]
[176623865176816, 1217198510148]
[176623865176816, 1340531843482]
[176623865176816, 137198510148]
[176147198510149, 747198510148]
[176147198510149, 47198510148]
[176147198510149, 1213865176815]
[176147198510149, 183865176815]
[176147198510149, 163865176815]
[176147198510149, 497198510148]
[176147198510149, 1290531843482]
[176147198510149, 1053865176815]
[176147198510149, 267198510148]
[176147198510149, 590531843482]
[176147198510149, 647198510148]
[176147198510149, 337198510148]
[176147198510149, 720531843482]
[176147198510149, 783865176815]
[176147198510149, 60531843482]
[176123865176816, 993865176815]
[176123865176816, 747198510148]
[176123865176816, 1213865176815]
[176123865176816, 497198510148]
[176123865176816, 863865176815]
[176123865176816, 1053865176815]
[176123865176816, 1207198510148]
[176123865176816, 1210531843482]
[176123865176816, 780531843482]
[176607198510149, 993865176815]
[176607198510149, 407198510148]
[176607198510149, 937198510148]
[176607198510149, 47198510148]
[176607198510149, 807198510148]
[176607198510149, 97198510148]
[176127198510149, 747198510148]
[176127198510149, 1223865176815]
[176127198510149, 757198510148]
[176127198510149, 497198510148]
[176127198510149, 280531843482]
[176127198510149, 827198510148]
[176127198510149, 887198510148]
[176127198510149, 267198510148]
[176127198510149, 1227198510148]
[176127198510149, 917198510148]
[176127198510149, 70531843482]
[176127198510149, 1017198510148]
[176127198510149, 703865176815]
[176127198510149, 1233865176815]
[176127198510149, 783865176815]
[176283865176816, 137198510148]
[176283865176816, 47198510148]
[176283865176816, 1213865176815]
[176283865176816, 500531843482]
[176283865176816, 1520531843482]
[176283865176816, 843865176815]
[176650531843482, 843865176815]
[176650531843482, 877198510148]
[176650531843482, 497198510148]
[176650531843482, 673865176815]
[176650531843482, 117198510148]
[176650531843482, 13865176815]
[176650531843482, 1297198510148]
[176650531843482, 600531843482]
[176650531843482, 1050531843482]
[176650531843482, 1017198510148]
[176650531843482, 1090531843482]
[176650531843482, 937198510148]
[176650531843482, 813865176815]
[176727198510149, 47198510148]
[176727198510149, 1980531843482]
[176727198510149, 13865176815]
[176727198510149, 457198510148]
[176727198510149, 497198510148]
[176727198510149, 1213865176815]
[176727198510149, 727198510148]
[176727198510149, 1467198510148]
[176727198510149, 1987198510148]
[176727198510149, 887198510148]
[176727198510149, 67198510148]
[176727198510149, 57198510148]
[176727198510149, 690531843482]
[176727198510149, 773865176815]
[176727198510149, 1990531843482]
[176727198510149, 600531843482]
[176727198510149, 87198510148]
[176727198510149, 1053865176815]
[176727198510149, 370531843482]
[176663865176816, 623865176815]
[176663865176816, 607198510148]
[176663865176816, 1467198510148]
[176663865176816, 500531843482]
[176663865176816, 1213865176815]
[176663865176816, 1470531843482]
[176663865176816, 227198510148]
[176663865176816, 937198510148]
[176663865176816, 813865176815]
[176513865176816, 727198510148]
[176513865176816, 1783865176815]
[176513865176816, 1740531843482]
[176513865176816, 13865176815]
[176513865176816, 227198510148]
[176513865176816, 937198510148]
[176513865176816, 1017198510148]
[176513865176816, 1477198510148]
[176513865176816, 813865176815]
[176513865176816, 600531843482]
[176513865176816, 1107198510148]
[176513865176816, 987198510148]
[176513865176816, 330531843482]
[176513865176816, 1110531843482]
[176513865176816, 1003865176815]
[176157198510149, 1303865176815]
[176157198510149, 13865176815]
[176157198510149, 1213865176815]
[176157198510149, 497198510148]
[176157198510149, 163865176815]
[176157198510149, 437198510148]
[176157198510149, 1313865176815]
[176157198510149, 1093865176815]
[176157198510149, 1053865176815]
[176157198510149, 917198510148]
[176157198510149, 790531843482]
[176157198510149, 1317198510148]
[176157198510149, 120531843482]
[176157198510149, 743865176815]
[176157198510149, 117198510148]
[176157198510149, 123865176815]
[176647198510149, 843865176815]
[176647198510149, 1627198510148]
[176647198510149, 497198510148]
[176647198510149, 657198510148]
[176647198510149, 13865176815]
[176647198510149, 1147198510148]
[176647198510149, 227198510148]
[176647198510149, 1090531843482]
[176647198510149, 1017198510148]
[176647198510149, 137198510148]
[176600531843482, 843865176815]
[176600531843482, 67198510148]
[176600531843482, 963865176815]
[176600531843482, 137198510148]
[176600531843482, 623865176815]
[176600531843482, 943865176815]
[176600531843482, 703865176815]
[176600531843482, 740531843482]
[176600531843482, 937198510148]
[176600531843482, 813865176815]
[176497198510149, 13865176815]
[176497198510149, 1610531843482]
[176497198510149, 1110531843482]
[176497198510149, 937198510148]
[176497198510149, 1017198510148]
[176497198510149, 987198510148]
[176497198510149, 1760531843482]
[176497198510149, 1053865176815]
[176497198510149, 1107198510148]
[176497198510149, 317198510148]
[176073865176816, 943865176815]
[176073865176816, 1090531843482]
[176073865176816, 827198510148]
[176073865176816, 410531843482]
[176073865176816, 593865176815]
[176073865176816, 703865176815]
[176073865176816, 207198510148]
[176420531843482, 843865176815]
[176420531843482, 1023865176815]
[176420531843482, 1673865176815]
[176420531843482, 1213865176815]
[176420531843482, 500531843482]
[176420531843482, 280531843482]
[176420531843482, 1827198510148]
[176420531843482, 740531843482]
[176420531843482, 1093865176815]
[176420531843482, 1397198510148]
[176420531843482, 1610531843482]
[176093865176816, 13865176815]
[176093865176816, 903865176815]
[176093865176816, 400531843482]
[176093865176816, 190531843482]
[176093865176816, 497198510148]
[176093865176816, 1017198510148]
[176093865176816, 447198510148]
[176093865176816, 987198510148]
[176093865176816, 813865176815]
[176093865176816, 747198510148]
[176093865176816, 343865176815]
[176093865176816, 713865176815]
[176093865176816, 800531843482]
[176493865176816, 13865176815]
[176493865176816, 500531843482]
[176493865176816, 513865176815]
[176493865176816, 987198510148]
[176493865176816, 1477198510148]
[176493865176816, 163865176815]
[176493865176816, 183865176815]
[176493865176816, 1003865176815]
[176493865176816, 1757198510148]
[176493865176816, 743865176815]
[176493865176816, 1110531843482]
[176530531843482, 430531843482]
[176530531843482, 790531843482]
[176530531843482, 657198510148]
[176530531843482, 207198510148]
[176530531843482, 747198510148]
[176530531843482, 7198510148]
[176530531843482, 1210531843482]
[176063865176816, 147198510148]
[176063865176816, 177198510148]
[176063865176816, 1117198510148]
[176063865176816, 1090531843482]
[176063865176816, 460531843482]
[176063865176816, 17198510148]
[176063865176816, 677198510148]
[176063865176816, 933865176815]
[176063865176816, 983865176815]
[176063865176816, 657198510148]
[176063865176816, 497198510148]
[176480531843482, 1727198510148]
[176480531843482, 1090531843482]
[176480531843482, 497198510148]
[176480531843482, 513865176815]
[176480531843482, 1043865176815]
[176480531843482, 67198510148]
[176480531843482, 880531843482]
[176480531843482, 1413865176815]
[176480531843482, 1213865176815]
[176480531843482, 163865176815]
[176480531843482, 1017198510148]
[176480531843482, 1827198510148]
[176480531843482, 1140531843482]
[176480531843482, 1717198510148]
[176480531843482, 673865176815]
[176480531843482, 1730531843482]
[176480531843482, 813865176815]
[176007198510149, 463865176815]
[176007198510149, 747198510148]
[176007198510149, 957198510148]
[176007198510149, 1120531843482]
[176007198510149, 827198510148]
[176007198510149, 740531843482]
[176007198510149, 383865176815]
[176007198510149, 620531843482]
[176007198510149, 653865176815]
[176007198510149, 847198510148]
[176007198510149, 790531843482]
[176007198510149, 377198510148]
[176007198510149, 657198510148]
[176007198510149, 573865176815]
[176007198510149, 657198510148]
[176393865176816, 847198510148]
[176393865176816, 747198510148]
[176393865176816, 390531843482]
[176393865176816, 1203865176815]
[176393865176816, 430531843482]
[176393865176816, 1213865176815]
[176393865176816, 497198510148]
[176393865176816, 843865176815]
[176393865176816, 760531843482]
[176393865176816, 1657198510148]
[176393865176816, 67198510148]
[176393865176816, 583865176815]
[176393865176816, 1053865176815]
[176393865176816, 267198510148]
[176393865176816, 1183865176815]
[176393865176816, 1117198510148]
[176393865176816, 1043865176815]
[176393865176816, 117198510148]
[175880531843482, 857198510148]
[175880531843482, 747198510148]
[175880531843482, 260531843482]
[175880531843482, 483865176815]
[175880531843482, 1127198510148]
[175880531843482, 267198510148]
[175880531843482, 707198510148]
[175880531843482, 340531843482]
[175910531843482, 7198510148]
[175910531843482, 747198510148]
[175910531843482, 987198510148]
[175910531843482, 927198510148]
[175910531843482, 960531843482]
[176290531843482, 1517198510148]
[176290531843482, 70531843482]
[176290531843482, 703865176815]
[176290531843482, 410531843482]
[176290531843482, 790531843482]
[176290531843482, 317198510148]
[176290531843482, 1090531843482]
[176290531843482, 1213865176815]
[176290531843482, 317198510148]
[176290531843482, 353865176815]
[176290531843482, 893865176815]
[176487198510149, 847198510148]
[176487198510149, 987198510148]
[176487198510149, 1053865176815]
[176487198510149, 1180531843482]
[176487198510149, 173865176815]
[176487198510149, 1023865176815]
[176487198510149, 800531843482]
[176487198510149, 247198510148]
[176487198510149, 133865176815]
[176487198510149, 500531843482]
[176487198510149, 1737198510148]
[176487198510149, 513865176815]
[176070531843482, 747198510148]
[176070531843482, 1040531843482]
[176070531843482, 1097198510148]
[176070531843482, 303865176815]
[176070531843482, 447198510148]
[176070531843482, 897198510148]
[176070531843482, 673865176815]
[176070531843482, 630531843482]
[176070531843482, 317198510148]
[175923865176816, 720531843482]
[175923865176816, 43865176815]
[175923865176816, 477198510148]
[175923865176816, 427198510148]
[175923865176816, 420531843482]
[175923865176816, 553865176815]
[175923865176816, 1063865176815]
[175923865176816, 937198510148]
[175923865176816, 813865176815]
[176030531843482, 683865176815]
[176030531843482, 513865176815]
[176030531843482, 497198510148]
[176030531843482, 813865176815]
[176030531843482, 347198510148]
[176030531843482, 1067198510148]
[176030531843482, 283865176815]
[176030531843482, 157198510148]
[176030531843482, 1017198510148]
[176030531843482, 1027198510148]
[176030531843482, 1107198510148]
[176030531843482, 743865176815]
[176533865176816, 7198510148]
[176533865176816, 17198510148]
[176533865176816, 343865176815]
[176533865176816, 997198510148]
[176533865176816, 713865176815]
[176533865176816, 673865176815]
[176533865176816, 590531843482]
[176533865176816, 747198510148]
[176077198510149, 137198510148]
[176077198510149, 1213865176815]
[176077198510149, 893865176815]
[176077198510149, 1127198510148]
[176077198510149, 1093865176815]
[176077198510149, 657198510148]
[176077198510149, 630531843482]
[176077198510149, 7198510148]
[176077198510149, 33865176815]
[176077198510149, 97198510148]
[176077198510149, 780531843482]
[176453865176816, 1697198510148]
[176453865176816, 1700531843482]
[176453865176816, 1213865176815]
[176453865176816, 773865176815]
[176453865176816, 353865176815]
[176453865176816, 620531843482]
[176453865176816, 600531843482]
[176453865176816, 880531843482]
[176453865176816, 1413865176815]
[176453865176816, 1057198510148]
[176453865176816, 937198510148]
[176453865176816, 813865176815]
[176453865176816, 953865176815]
[176453865176816, 1487198510148]
[176453865176816, 937198510148]
[176453865176816, 747198510148]
[176120531843482, 1183865176815]
[176120531843482, 847198510148]
[176120531843482, 920531843482]
[176120531843482, 747198510148]
[176120531843482, 757198510148]
[176120531843482, 497198510148]
[176120531843482, 773865176815]
[176120531843482, 1190531843482]
[176120531843482, 1197198510148]
[176120531843482, 1203865176815]
[176120531843482, 1057198510148]
[176120531843482, 657198510148]
[176120531843482, 790531843482]
[176510531843482, 900531843482]
[176510531843482, 847198510148]
[176510531843482, 1610531843482]
[176510531843482, 813865176815]
[176510531843482, 1477198510148]
[176510531843482, 330531843482]
[176510531843482, 743865176815]
[176510531843482, 707198510148]
[176510531843482, 513865176815]
[176510531843482, 1213865176815]
[176510531843482, 1777198510148]
[176510531843482, 1003865176815]
[176510531843482, 1767198510148]
[176510531843482, 770531843482]
[176510531843482, 1017198510148]
[176510531843482, 1107198510148]
[176510531843482, 987198510148]
[176743865176816, 1993865176815]
[176743865176816, 1213865176815]
[176743865176816, 747198510148]
[176743865176816, 1827198510148]
[176743865176816, 813865176815]
[176743865176816, 67198510148]
[176273865176816, 843865176815]
[176273865176816, 137198510148]
[176273865176816, 703865176815]
[176273865176816, 573865176815]
[176273865176816, 137198510148]
[176273865176816, 653865176815]
[176273865176816, 827198510148]
[176273865176816, 1127198510148]
[176273865176816, 703865176815]
[176273865176816, 790531843482]
[176273865176816, 7198510148]
[176273865176816, 1513865176815]
[176273865176816, 1517198510148]
[176273865176816, 410531843482]
[176583865176816, 747198510148]
[176583865176816, 1003865176815]
[176583865176816, 997198510148]
[176583865176816, 1857198510148]
[176583865176816, 1063865176815]
[176583865176816, 410531843482]
[176583865176816, 600531843482]
[176583865176816, 1057198510148]
[176583865176816, 343865176815]
[176583865176816, 660531843482]
[176583865176816, 1563865176815]
[176173865176816, 843865176815]
[176173865176816, 747198510148]
[176173865176816, 410531843482]
[176173865176816, 1313865176815]
[176173865176816, 1353865176815]
[176173865176816, 1023865176815]
[176173865176816, 877198510148]
[176173865176816, 997198510148]
[176173865176816, 1063865176815]
[176380531843482, 757198510148]
[176380531843482, 1043865176815]
[176380531843482, 747198510148]
[176380531843482, 843865176815]
[176380531843482, 1093865176815]
[176377198510149, 827198510148]
[176377198510149, 173865176815]
[176377198510149, 1583865176815]
[176377198510149, 703865176815]
[176377198510149, 410531843482]
[176377198510149, 410531843482]
[176377198510149, 137198510148]
[176377198510149, 1640531843482]
[176377198510149, 1633865176815]
[176590531843482, 1443865176815]
[176590531843482, 1213865176815]
[176590531843482, 163865176815]
[176590531843482, 1053865176815]
[176590531843482, 347198510148]
[176590531843482, 773865176815]
[176590531843482, 713865176815]
[176590531843482, 1043865176815]
[176590531843482, 97198510148]
[176590531843482, 883865176815]
[176590531843482, 1093865176815]
[176590531843482, 1110531843482]
[176590531843482, 947198510148]
[176397198510149, 843865176815]
[176397198510149, 430531843482]
[176397198510149, 497198510148]
[176397198510149, 703865176815]
[176397198510149, 383865176815]
[176397198510149, 137198510148]
[176397198510149, 783865176815]
[176343865176816, 137198510148]
[176343865176816, 747198510148]
[176343865176816, 1213865176815]
[176343865176816, 1017198510148]
[176343865176816, 500531843482]
[176343865176816, 827198510148]
[176343865176816, 390531843482]
[176343865176816, 87198510148]
[176343865176816, 117198510148]
[176343865176816, 573865176815]
[176593865176816, 843865176815]
[176593865176816, 137198510148]
[176593865176816, 200531843482]
[176593865176816, 1213865176815]
[176593865176816, 880531843482]
[176593865176816, 860531843482]
[176730531843482, 137198510148]
[176730531843482, 260531843482]
[176730531843482, 1987198510148]
[176730531843482, 137198510148]
[176730531843482, 260531843482]
[176730531843482, 843865176815]
[176730531843482, 410531843482]
[176730531843482, 983865176815]
[176730531843482, 457198510148]
[176730531843482, 937198510148]
[176730531843482, 50531843482]
[176407198510149, 1660531843482]
[176407198510149, 747198510148]
[176407198510149, 1213865176815]
[176407198510149, 430531843482]
[176407198510149, 163865176815]
[176407198510149, 390531843482]
[176407198510149, 113865176815]
[176407198510149, 267198510148]
[176407198510149, 1203865176815]
[176407198510149, 773865176815]
[176407198510149, 383865176815]
[176407198510149, 847198510148]
[176603865176816, 1110531843482]
[176603865176816, 803865176815]
[176603865176816, 13865176815]
[176603865176816, 1097198510148]
[176603865176816, 183865176815]
[176603865176816, 163865176815]
[176603865176816, 843865176815]
[176603865176816, 1213865176815]
[176603865176816, 653865176815]
[176603865176816, 180531843482]
[176603865176816, 943865176815]
[176417198510149, 1493865176815]
[176417198510149, 803865176815]
[176417198510149, 757198510148]
[176417198510149, 163865176815]
[176417198510149, 70531843482]
[176417198510149, 183865176815]
[176417198510149, 1670531843482]
[176417198510149, 117198510148]
[176140531843482, 1260531843482]
[176140531843482, 1213865176815]
[176140531843482, 183865176815]
[176140531843482, 653865176815]
[176140531843482, 843865176815]
[176140531843482, 137198510148]
[176140531843482, 1093865176815]
[176140531843482, 123865176815]
[176140531843482, 1263865176815]
[176133865176816, 1253865176815]
[176133865176816, 137198510148]
[176133865176816, 47198510148]
[176133865176816, 1213865176815]
[176133865176816, 1043865176815]
[176133865176816, 67198510148]
[176133865176816, 827198510148]
[176133865176816, 703865176815]
[176133865176816, 383865176815]
[176133865176816, 843865176815]
[176133865176816, 790531843482]
[175930531843482, 457198510148]
[175930531843482, 137198510148]
[175930531843482, 1610531843482]
[175930531843482, 937198510148]
[175930531843482, 200531843482]
[175930531843482, 703865176815]
[175930531843482, 410531843482]
[175930531843482, 783865176815]
[175930531843482, 830531843482]
[175930531843482, 1123865176815]
[175930531843482, 590531843482]
[175930531843482, 57198510148]
[176137198510149, 747198510148]
[176137198510149, 757198510148]
[176137198510149, 183865176815]
[176137198510149, 163865176815]
[176137198510149, 843865176815]
[176137198510149, 67198510148]
[176137198510149, 1053865176815]
[176137198510149, 1017198510148]
[176137198510149, 1123865176815]
[176137198510149, 267198510148]
[176137198510149, 1257198510148]
[176137198510149, 1097198510148]
[176137198510149, 1130531843482]
[176473865176816, 1710531843482]
[176473865176816, 430531843482]
[176473865176816, 880531843482]
[176473865176816, 1420531843482]
[176473865176816, 1213865176815]
[176473865176816, 1713865176815]
[176473865176816, 773865176815]
[176473865176816, 920531843482]
[176473865176816, 1127198510148]
[176473865176816, 1093865176815]
[176473865176816, 1670531843482]
[176473865176816, 657198510148]
[176473865176816, 790531843482]
[176473865176816, 937198510148]
[176473865176816, 97198510148]
[175980531843482, 293865176815]
[175980531843482, 143865176815]
[175980531843482, 50531843482]
[175980531843482, 453865176815]
[175980531843482, 1820531843482]
[175980531843482, 1077198510148]
[175980531843482, 1110531843482]
[175917198510149, 557198510148]
[175917198510149, 1213865176815]
[175917198510149, 1147198510148]
[175917198510149, 317198510148]
[175917198510149, 997198510148]
[175917198510149, 647198510148]
[175917198510149, 1087198510148]
[175917198510149, 457198510148]
[175917198510149, 990531843482]
[175917198510149, 730531843482]
[175917198510149, 1107198510148]
[176023865176816, 37198510148]
[176023865176816, 1213865176815]
[176023865176816, 1057198510148]
[176023865176816, 497198510148]
[176023865176816, 743865176815]
[176023865176816, 320531843482]
[176023865176816, 937198510148]
[176233865176816, 237198510148]
[176233865176816, 747198510148]
[176233865176816, 773865176815]
[176233865176816, 1057198510148]
[176233865176816, 877198510148]
[176233865176816, 1313865176815]
[176233865176816, 17198510148]
[176233865176816, 673865176815]
[176233865176816, 673865176815]
[176233865176816, 983865176815]
[176233865176816, 583865176815]
[176233865176816, 327198510148]
[176233865176816, 317198510148]
[175950531843482, 1060531843482]
[175950531843482, 1110531843482]
[175950531843482, 937198510148]
[175950531843482, 1067198510148]
[175950531843482, 510531843482]
[175950531843482, 267198510148]
[175950531843482, 350531843482]
[175950531843482, 737198510148]
[175950531843482, 67198510148]
[175950531843482, 513865176815]
[175950531843482, 277198510148]
[175950531843482, 880531843482]
[175950531843482, 937198510148]
[175950531843482, 1017198510148]
[175950531843482, 493865176815]
[176517198510149, 227198510148]
[176517198510149, 937198510148]
[176517198510149, 1017198510148]
[176517198510149, 813865176815]
[176517198510149, 1477198510148]
[176517198510149, 803865176815]
[176517198510149, 727198510148]
[176517198510149, 330531843482]
[176517198510149, 1110531843482]
[176517198510149, 1003865176815]
[176353865176816, 137198510148]
[176353865176816, 653865176815]
[176353865176816, 937198510148]
[176353865176816, 337198510148]
[176353865176816, 1610531843482]
[176353865176816, 407198510148]
[176353865176816, 740531843482]
[176353865176816, 827198510148]
[176353865176816, 937198510148]
[176353865176816, 137198510148]
[176353865176816, 1503865176815]
[176353865176816, 197198510148]
[176353865176816, 1110531843482]
[176707198510149, 1323865176815]
[176707198510149, 747198510148]
[176707198510149, 1213865176815]
[176707198510149, 500531843482]
[176707198510149, 1053865176815]
[176707198510149, 1057198510148]
[176707198510149, 1017198510148]
[176707198510149, 387198510148]
[176707198510149, 280531843482]
[176707198510149, 263865176815]
[176570531843482, 843865176815]
[176570531843482, 747198510148]
[176570531843482, 1417198510148]
[176570531843482, 757198510148]
[176570531843482, 1853865176815]
[176570531843482, 1393865176815]
[176570531843482, 410531843482]
[176570531843482, 937198510148]
[176570531843482, 813865176815]
[176227198510149, 1090531843482]
[176227198510149, 1213865176815]
[176227198510149, 497198510148]
[176227198510149, 513865176815]
[176227198510149, 317198510148]
[176227198510149, 347198510148]
[176227198510149, 773865176815]
[176227198510149, 493865176815]
[176227198510149, 267198510148]
[176227198510149, 1450531843482]
[176227198510149, 63865176815]
[176577198510149, 747198510148]
[176577198510149, 1213865176815]
[176577198510149, 237198510148]
[176577198510149, 1093865176815]
[176577198510149, 347198510148]
[176577198510149, 497198510148]
[176577198510149, 937198510148]
[176577198510149, 583865176815]
[176577198510149, 813865176815]
[176577198510149, 673865176815]
[176217198510149, 1023865176815]
[176217198510149, 1437198510148]
[176217198510149, 513865176815]
[176217198510149, 347198510148]
[176217198510149, 1067198510148]
[176217198510149, 317198510148]
[176217198510149, 550531843482]
[176217198510149, 1217198510148]
[176217198510149, 803865176815]
[176217198510149, 493865176815]
[176217198510149, 317198510148]
[176217198510149, 1440531843482]
[176213865176816, 727198510148]
[176213865176816, 1427198510148]
[176213865176816, 190531843482]
[176213865176816, 497198510148]
[176213865176816, 917198510148]
[176213865176816, 1430531843482]
[176213865176816, 987198510148]
[176213865176816, 1127198510148]
[176213865176816, 647198510148]
[176213865176816, 120531843482]
[176213865176816, 923865176815]
[176213865176816, 1433865176815]
[176403865176816, 410531843482]
[176403865176816, 747198510148]
[176403865176816, 1420531843482]
[176403865176816, 1003865176815]
[176403865176816, 880531843482]
[176403865176816, 500531843482]
[176403865176816, 863865176815]
[176403865176816, 1153865176815]
[176403865176816, 703865176815]
[176403865176816, 1647198510148]
[176403865176816, 57198510148]
[176403865176816, 910531843482]
[176403865176816, 780531843482]
[176360531843483, 37198510148]
[176360531843483, 1420531843482]
[176360531843483, 1413865176815]
[176360531843483, 1217198510148]
[176360531843483, 747198510148]
[176360531843483, 57198510148]
[176360531843483, 1213865176815]
[176360531843483, 500531843482]
[176360531843483, 1313865176815]
[176360531843483, 1017198510148]
[176037198510149, 747198510148]
[176037198510149, 1213865176815]
[176037198510149, 183865176815]
[176037198510149, 497198510148]
[176037198510149, 153865176815]
[176037198510149, 150531843482]
[176037198510149, 1110531843482]
[176037198510149, 917198510148]
[176037198510149, 1043865176815]
[176037198510149, 623865176815]
[176037198510149, 1137198510148]
[176037198510149, 780531843482]
[176053865176816, 747198510148]
[176053865176816, 163865176815]
[176053865176816, 183865176815]
[176053865176816, 1213865176815]
[176053865176816, 497198510148]
[176053865176816, 127198510148]
[176053865176816, 70531843482]
[176053865176816, 1110531843482]
[176053865176816, 937198510148]
[176053865176816, 30531843482]
[176053865176816, 813865176815]
[176053865176816, 397198510148]
[176053865176816, 917198510148]
[176053865176816, 817198510148]
[176053865176816, 790531843482]
[176543865176816, 747198510148]
[176543865176816, 877198510148]
[176543865176816, 863865176815]
[176543865176816, 497198510148]
[176543865176816, 317198510148]
[176543865176816, 207198510148]
[176543865176816, 173865176815]
[176543865176816, 410531843482]
[176543865176816, 443865176815]
[175947198510149, 747198510148]
[175947198510149, 1213865176815]
[175947198510149, 653865176815]
[175947198510149, 497198510148]
[175947198510149, 347198510148]
[175947198510149, 317198510148]
[175947198510149, 977198510148]
[175947198510149, 280531843482]
[175947198510149, 240531843482]
[175947198510149, 297198510148]
[175947198510149, 387198510148]
[175947198510149, 370531843482]
[175947198510149, 1110531843482]
[175947198510149, 163865176815]
[175947198510149, 127198510148]
[175947198510149, 947198510148]
[175947198510149, 1007198510148]
[175947198510149, 170531843482]
[175947198510149, 30531843482]
[176240531843483, 1213865176815]
[176240531843483, 747198510148]
[176240531843483, 137198510148]
[176240531843483, 843865176815]
[176240531843483, 497198510148]
[176240531843483, 410531843482]
[176240531843483, 790531843482]
[176240531843483, 1480531843482]
[176240531843483, 1483865176815]
[176240531843483, 747198510148]
[175903865176816, 810531843482]
[175903865176816, 747198510148]
[175903865176816, 497198510148]
[175903865176816, 267198510148]
[175903865176816, 860531843482]
[175903865176816, 610531843482]
[175903865176816, 57198510148]
[175903865176816, 787198510148]
[175990531843483, 973865176815]
[175990531843483, 583865176815]
[175990531843483, 747198510148]
[175990531843483, 657198510148]
[175990531843483, 1003865176815]
[175990531843483, 910531843482]
[175990531843483, 443865176815]
[175990531843483, 713865176815]
[175990531843483, 817198510148]
[175990531843483, 937198510148]
[175990531843483, 813865176815]
[176163865176816, 747198510148]
[176163865176816, 497198510148]
[176163865176816, 173865176815]
[176163865176816, 1313865176815]
[176163865176816, 267198510148]
[176163865176816, 60531843482]
[176163865176816, 1337198510148]
[176163865176816, 703865176815]
[176163865176816, 780531843482]
[176163865176816, 1340531843482]
[176163865176816, 997198510148]
[176163865176816, 780531843482]
[176163865176816, 1343865176815]
[176163865176816, 740531843482]
[176163865176816, 153865176815]
[176220531843483, 1277198510148]
[176220531843483, 497198510148]
[176220531843483, 747198510148]
[176220531843483, 1237198510148]
[176220531843483, 923865176815]
[176057198510149, 747198510148]
[176057198510149, 397198510148]
[176057198510149, 237198510148]
[176057198510149, 207198510148]
[176057198510149, 540531843482]
[176057198510149, 567198510148]
[176057198510149, 790531843482]
[176370531843483, 1260531843482]
[176370531843483, 653865176815]
[176370531843483, 1420531843482]
[176370531843483, 1093865176815]
[176370531843483, 153865176815]
[176370531843483, 543865176815]
[176370531843483, 1057198510148]
[176370531843483, 500531843482]
[176370531843483, 57198510148]
[176370531843483, 780531843482]
[176230531843483, 1457198510148]
[176230531843483, 657198510148]
[176230531843483, 747198510148]
[176230531843483, 877198510148]
[176230531843483, 497198510148]
[176230531843483, 1413865176815]
[176230531843483, 543865176815]
[176230531843483, 1420531843482]
[176230531843483, 623865176815]
[176230531843483, 1443865176815]
[176210531843483, 1260531843482]
[176210531843483, 1213865176815]
[176210531843483, 497198510148]
[176210531843483, 773865176815]
[176210531843483, 347198510148]
[176210531843483, 1043865176815]
[176210531843483, 163865176815]
[176210531843483, 183865176815]
[176210531843483, 880531843482]
[176210531843483, 1413865176815]
[176210531843483, 1217198510148]
[176210531843483, 1097198510148]
[176210531843483, 1420531843482]
[176210531843483, 1043865176815]
[176210531843483, 1443865176815]
[176223865176816, 1447198510148]
[176223865176816, 1450531843482]
[176223865176816, 267198510148]
[176223865176816, 1453865176815]
[176237198510149, 1463865176815]
[176237198510149, 1477198510148]
[176237198510149, 1213865176815]
[176237198510149, 1467198510148]
[176237198510149, 1470531843482]
[176237198510149, 1003865176815]
[176237198510149, 1473865176815]
[176237198510149, 987198510148]
[176237198510149, 173865176815]
[176237198510149, 1140531843482]
[176550531843483, 843865176815]
[176550531843483, 747198510148]
[176550531843483, 47198510148]
[176550531843483, 500531843482]
[176550531843483, 1373865176815]
[176550531843483, 790531843482]
[176550531843483, 937198510148]
[176550531843483, 813865176815]
[176550531843483, 1827198510148]
[176317198510149, 943865176815]
[176317198510149, 47198510148]
[176317198510149, 727198510148]
[176317198510149, 1057198510148]
[176317198510149, 1573865176815]
[176317198510149, 410531843482]
[176317198510149, 117198510148]
[176523865176816, 1153865176815]
[176523865176816, 1017198510148]
[176523865176816, 1080531843482]
[176523865176816, 457198510148]
[176523865176816, 850531843482]
[176523865176816, 1013865176815]
[176523865176816, 1360531843482]
[176523865176816, 1540531843482]
[176320531843483, 943865176815]
[176320531843483, 47198510148]
[176320531843483, 727198510148]
[176320531843483, 1057198510148]
[176320531843483, 1573865176815]
[176320531843483, 410531843482]
[176320531843483, 117198510148]
[176320531843483, 1577198510148]
[176557198510149, 953865176815]
[176557198510149, 1017198510148]
[176557198510149, 410531843482]
[176557198510149, 703865176815]
[176540531843483, 410531843482]
[176540531843483, 1803865176815]
[176540531843483, 1797198510148]
[176540531843483, 137198510148]
[176540531843483, 1807198510148]
[176540531843483, 660531843482]
[176540531843483, 1803865176815]
[176540531843483, 1610531843482]
[176540531843483, 1637198510148]
[176547198510149, 137198510148]
[176547198510149, 1213865176815]
[176547198510149, 157198510148]
[176547198510149, 1067198510148]
[176547198510149, 283865176815]
[176547198510149, 67198510148]
[176547198510149, 63865176815]
[176547198510149, 227198510148]
[176547198510149, 1517198510148]
[176547198510149, 410531843482]
[176547198510149, 790531843482]
[176547198510149, 657198510148]
[176560531843483, 1843865176815]
[176560531843483, 1180531843482]
[176560531843483, 1057198510148]
[176560531843483, 937198510148]
[176560531843483, 1213865176815]
[176560531843483, 550531843482]
[176560531843483, 320531843482]
